1.3770754094468722
1.2830372678962425
1.1563014594157481
1.2012805644382785
1.2167995643388994
1.1425648666884054
1.1140047252062988
1.1088051972870383
1.2421102706266391
1.2320992718160926
1.1726634857340006
1.1883592227719286
1.2335350945088932
1.2907598861376406
1.3173182054687116
1.3358470551449424
1.3456425123949216
1.3542966311966707
1.3667015048640379
1.3618206325051798
1.3801386591747222
1.3832862353843216
1.3531183826503206
1.3668595400873447
1.3606602918734685
1.3673788786733572
1.374955585088061
1.377639431021451
1.3781476656074174
1.3774269007902435
1.3795249050585416
1.3788324128000822
1.3796790479860186
1.3786716965977237
1.3832057471053305
1.385993974371464
1.3659935963004197
1.3549007590086684
1.3524262285537798
1.3506733588079691
1.3076600992388823
1.2845792429377003
1.2204666381964755
1.142404690352195
1.2072382244275022
1.1631053085359824
1.2200020191640415
1.236534784607299
1.2118664000421582
1.2703200545418325
1.2309581021865093
1.196580065477736
1.2178211661258787
1.195519708280773
1.168471281588369
1.2312782322441516
1.1362657839005303
1.189211333877843
1.2081809955091674
1.1281513700715529
1.1057076155855343
1.0797944000235489
1.0346543063086042
1.1998890463837815
1.2292617594554125
1.2247582520608367
1.1822308436433249
1.1105276928974785
1.0740401090220146
1.0865513905036868
1.1612305587291418
1.1947460604491955
1.156294251585782
1.1370374440639814
1.1545298779928497
1.0751215263264238
1.102000344502641
1.1976358634019857
1.2109241050737558
1.1219895102815083
1.031510931267538
1.1139528450948766
1.1678045928003133
1.1434712373859541
1.1318831260960172
1.170985876717279
1.1556506178461146
1.0929842452352085
1.2073710080188709
1.1099710799920173
1.1899956005798762
1.191292055738023


