1.3816385730559537
1.2345248819140542
1.2519048199436589
1.2143549921297878
1.1590074112827113
1.1067665337722077
1.1518525901620138
1.1489130213089884
1.1777173617581334
1.1512839807456556
1.119844934293218
1.207387957296419
1.2038188132801313
1.2580278716528586
1.260363316256218
1.2805409978482805
1.26913475246169
1.278530321055891
1.2924916015760743
1.3053754965221405
1.3163627931118718
1.3234377768450838
1.3026015513483284
1.3101535327974991
1.3167157379107506
1.3031578340761194
1.339172142545475
1.3287937732477757
1.3248312088614818
1.3521190352181562
1.3554666155167279
1.3553171607864523
1.3481982521311249
1.3481587831195183
1.355484054588407
1.3453794163644106
1.3312995659985951
1.3619232866692674
1.3619414933233684
1.362132290995666
1.3617761526456729
1.362023970969591
1.3624432747912387
1.3623526721056716
1.362055182840202
1.362179235851016
1.3622919338079682
1.3623973607750306
1.3619807739300465
1.3620125375282282
1.3622821438390735
